20130701 32488348 5525022
20130702 29037390 2554548
20130703 27270770 5953867
20130704 18321185 6410729
20130705 11648749 2763587
20130706 36751272 1616635
20130707 8962232 3982735
20130708 57258266 8347729
20130709 26798941 3473059
20130710 30696506 2597169
20130711 44075197 3508800
20130712 34183904 8492573
20130713 15164717 3482829
20130714 22615303 2784107
20130715 48128555 13107943
20130716 50622847 11864981
20130717 29015682 10911513
20130718 24234505 11765356
20130719 33680124 9244769
20130720 20439079 4601143
20130721 21142394 2681331
20130722 40448896 19144267
20130723 58136147 24404051
20130724 48422518 36258592
20130725 57433418 38212836
20130726 44721817 39192369
20130727 17194451 15058893
20130728 36255382 7683211
20130729 53512076 18599364
20130730 47481243 13048582
20130731 54569637 9534040
20130801 53369962 18864468
20130802 38064536 40150769
20130803 21595789 20701797
20130804 45745254 8263965
20130805 43632203 15797507
20130806 50866184 16401387
20130807 43908081 29708706
20130808 44493490 29551691
20130809 33425186 30131015
20130810 20615307 26614408
20130811 55519543 15372680
20130812 94520502 28586669
20130813 48720919 28790328
20130814 30541167 15031683
20130815 42421222 52659327
20130816 41683536 33739844
20130817 17670519 4674983
20130818 59703092 15218300
20130819 109184209 28339260
20130820 53675509 30131225
20130821 38184446 29983342
20130822 89130737 25000672
20130823 37878575 25680323
20130824 44367268 14316598
20130825 43306288 18117808
20130826 74496541 20637986
20130827 45268028 60137633
20130828 46602319 33696861
20130829 47518666 35944968
20130830 56488844 20630752
20130831 47655303 22012016
20130901 56239802 59339949
20130902 140844739 17785524
20130903 80507880 39328144
20130904 33366708 27452600
20130905 38716505 21800904
20130906 38923186 33417903
20130907 34076183 20344424
20130908 38796909 14919122
20130909 49312473 45621186
20130910 94684143 37128363
20130911 98944459 71674082
20130912 68573684 45147220
20130913 71655946 60512675
20130914 30975443 36312660
20130915 37059683 25020715
20130916 161656210 45184589
20130917 76204815 58260798
20130918 42926608 47203221
20130919 24778048 11418512
20130920 28365762 15188254
20130921 32406340 26596179
20130922 67514169 47962055
20130923 54658160 58285879
20130924 74250859 56680792
20130925 47274168 74838162
20130926 68718693 48467529
20130927 42166121 27639603
20130928 39995798 58105720
20130929 34433848 40295202
20130930 28398050 30181353
20131001 19137499 12813267
20131002 11562708 7233874
20131003 10101194 6223263
20131004 19907689 23412350
20131005 26364686 13966453
20131006 38730653 13464528
20131007 42797733 28894400
20131008 109806912 77856096
20131009 72422299 33999376
20131010 72094613 52244531
20131011 82674757 27666473
20131012 81901136 31322983
20131013 71149981 31850475
20131014 130315300 40652625
20131015 85704304 35099198
20131016 100948091 51261982
20131017 87203217 23274764
20131018 98151450 15938355
20131019 53148443 26684697
20131020 47766681 50884342
20131021 106030290 45781403
20131022 145611496 96172537
20131023 106093112 73788462
20131024 69530830 58183921
20131025 69936453 52225802
20131026 55752506 49357211
20131027 68007543 46520570
20131028 129993375 55089464
20131029 102050144 43052468
20131030 109663260 63908701
20131031 90926701 55607833
20131101 150904945 66933119
20131102 62132300 26705506
20131103 68707870 30895754
20131104 300027403 130970051
20131105 180904814 82689864
20131106 181474910 131707820
20131107 167963464 83306452
20131108 231749471 92856307
20131109 126467028 45885771
20131110 164813471 85293644
20131111 147986439 227124951
20131112 148469647 131263524
20131113 174554976 79121440
20131114 167996058 52554150
20131115 124270704 58210254
20131116 118085705 28996272
20131117 111786622 42358155
20131118 195766477 136916782
20131119 131365419 70308235
20131120 166163002 86951218
20131121 221166938 74733962
20131122 128528687 82717921
20131123 89109018 48882131
20131124 102394991 85555947
20131125 147143602 70113127
20131126 258037702 65802983
20131127 134774128 86129498
20131128 139760425 61453591
20131129 122536344 123982166
20131130 116865492 119660311
20131201 137889992 94632233
20131202 345313258 128465086
20131203 268666856 101662045
20131204 219456372 69981329
20131205 190825287 118256819
20131206 152197159 82625571
20131207 138882605 71916047
20131208 124886903 76314292
20131209 174652812 133355299
20131210 179471612 147147341
20131211 239916977 110314592
20131212 140360007 92090275
20131213 164672690 90778214
20131214 129045596 52234651
20131215 205882387 54757146
20131216 196489931 156157326
20131217 193980797 116537843
20131218 180215804 202220872
20131219 233631357 164023344
20131220 133867400 153678963
20131221 112000779 83151594
20131222 154543217 83998249
20131223 198747367 138478245
20131224 305406334 118607911
20131225 380076148 172755480
20131226 220287409 241852564
20131227 211118967 163522548
20131228 192808006 61383220
20131229 161473347 55129989
20131230 286358778 179826624
